bootstrap	H0_lnL	H0_omega	H2_lnL	H2_omega1	H2_omega2
0	-1263.441375	0.21305	-1263.331590	0.18807	0.22520
1	-1116.633056	0.36639	-1115.565926	0.25512	0.45675
2	-1077.275725	0.35993	-1077.229154	0.33171	0.37702
3	-1243.669631	0.25385	-1243.449129	0.21990	0.28160
4	-1096.236290	0.25761	-1096.233246	0.25283	0.26069
5	-1132.288380	0.24843	-1132.272580	0.23732	0.25528
6	-1249.767749	0.26684	-1246.936315	0.15003	0.37074
7	-1128.554144	0.37486	-1127.846769	0.28155	0.45684
8	-1306.859316	0.25096	-1306.641303	0.21542	0.27305
9	-1343.579438	0.28318	-1340.104075	0.15436	0.41176
10	-1211.902583	0.32344	-1211.663993	0.26849	0.35134
11	-1126.419855	0.35630	-1126.412072	0.34633	0.36382
12	-1155.295896	0.29969	-1153.976269	0.19258	0.37058
13	-1248.893599	0.27899	-1246.847374	0.17280	0.36927
14	-1064.346173	0.30686	-1062.463796	0.18957	0.42206
15	-1233.621582	0.20587	-1233.621512	0.20653	0.20558
16	-1187.047543	0.30123	-1183.555390	0.15038	0.42251
17	-1317.346343	0.24462	-1316.419110	0.18503	0.30048
18	-1233.106350	0.28112	-1229.444529	0.13725	0.38910
19	-1131.998570	0.33176	-1131.694769	0.40813	0.29750
20	-1209.721317	0.34015	-1208.110149	0.21231	0.42236
21	-1271.837242	0.31588	-1270.667183	0.22015	0.38528
22	-1059.894029	0.29550	-1059.892190	0.29103	0.29836
23	-1279.496798	0.37138	-1279.430617	0.34091	0.39015
24	-1154.173175	0.31077	-1150.197268	0.15230	0.47622
25	-1267.717296	0.34732	-1266.430069	0.23171	0.43082
26	-1171.396797	0.32486	-1170.510087	0.24668	0.40405
27	-1133.562130	0.25423	-1129.984099	0.12192	0.36181
28	-1303.496084	0.30942	-1303.438796	0.28435	0.32259
29	-1238.252773	0.34229	-1238.215516	0.32236	0.35717
30	-1122.529649	0.26744	-1122.421088	0.30188	0.25070
31	-1238.484074	0.29597	-1237.821718	0.22647	0.34748
32	-1300.988242	0.30584	-1299.703992	0.20538	0.37208
33	-1168.464802	0.35159	-1161.299241	0.14445	0.62727
34	-1280.196227	0.19776	-1276.472437	0.09326	0.27933
35	-1137.149296	0.28049	-1134.006812	0.14908	0.41472
36	-1235.841414	0.22757	-1235.358462	0.17887	0.26008
37	-1175.601449	0.29831	-1175.026005	0.22740	0.34612
38	-1179.655343	0.27419	-1179.635850	0.26274	0.28264
39	-1182.402868	0.22353	-1180.444027	0.13308	0.29700
40	-1298.150356	0.26582	-1298.104003	0.28690	0.25649
41	-1126.054697	0.27620	-1126.036810	0.26360	0.28457
42	-1235.477441	0.25491	-1233.924573	0.16725	0.31838
43	-1097.894137	0.28485	-1095.536615	0.17287	0.40567
44	-1215.187358	0.31035	-1212.081772	0.17201	0.43654
45	-1263.671858	0.23631	-1262.092883	0.15763	0.30017
46	-1102.941034	0.22420	-1101.876720	0.14991	0.28092
47	-1122.956199	0.25688	-1121.094607	0.16094	0.35002
48	-1217.806688	0.21124	-1215.629559	0.12220	0.27857
49	-1329.285675	0.16213	-1325.588835	0.07905	0.23623
50	-1138.270992	0.29501	-1138.208411	0.26672	0.31014
51	-1176.131623	0.31677	-1176.109744	0.29927	0.32519
52	-1241.925905	0.28129	-1240.054281	0.18000	0.36911
53	-1238.492381	0.28446	-1236.419992	0.16510	0.36404
54	-1234.657395	0.27041	-1234.456000	0.23405	0.29385
55	-1259.190545	0.33975	-1258.477479	0.25916	0.40068
56	-1089.417971	0.16259	-1087.439145	0.09501	0.23066
57	-1177.433104	0.25071	-1177.428871	0.24462	0.25382
58	-1174.390979	0.17277	-1174.355223	0.16189	0.17960
59	-1206.752258	0.23326	-1204.644927	0.14021	0.30671
60	-1308.091436	0.32593	-1306.309361	0.20929	0.41121
61	-1305.998865	0.32631	-1304.925881	0.23328	0.39727
62	-1286.823641	0.20339	-1285.405460	0.13450	0.25456
63	-1286.234826	0.32394	-1283.795118	0.20472	0.45700
64	-1168.854935	0.22016	-1166.819156	0.12603	0.28604
65	-1098.424931	0.34975	-1098.400363	0.36901	0.33734
66	-1320.551670	0.26332	-1320.224031	0.21302	0.29093
67	-1183.129965	0.28599	-1179.455370	0.14124	0.42182
68	-1273.279447	0.19472	-1270.446030	0.10767	0.28700
69	-1247.608902	0.32837	-1245.323876	0.20630	0.45437
70	-1162.827727	0.26469	-1161.731915	0.18196	0.32408
71	-1206.099976	0.28207	-1206.016978	0.25512	0.29829
72	-1164.276921	0.21546	-1162.656146	0.14072	0.28058
73	-1119.461484	0.28282	-1118.135816	0.19259	0.37253
74	-1159.028413	0.24138	-1158.762784	0.20194	0.26978
75	-1270.217168	0.34925	-1266.575790	0.19928	0.52395
76	-1063.731260	0.44698	-1062.177097	0.28013	0.58806
77	-1212.429543	0.44982	-1210.234628	0.27805	0.63287
78	-1199.600543	0.31395	-1196.139559	0.18177	0.50389
79	-1157.447029	0.20927	-1156.130861	0.13502	0.26413
80	-1176.166684	0.29750	-1175.801982	0.24452	0.33633
81	-1258.232487	0.34766	-1255.547248	0.19484	0.47982
82	-1233.657588	0.22648	-1233.581693	0.20628	0.23887
83	-1159.653323	0.20546	-1154.576154	0.10590	0.34753
84	-1214.220771	0.34827	-1213.770316	0.27700	0.39739
85	-1116.432089	0.17977	-1115.480093	0.12842	0.22618
86	-1228.865606	0.29749	-1228.644643	0.25398	0.32703
87	-1190.194106	0.27385	-1188.690436	0.17650	0.34361
88	-1223.069566	0.33114	-1221.686199	0.23757	0.43644
89	-1210.942933	0.20874	-1210.939011	0.20420	0.21137
90	-1220.016393	0.28162	-1218.398516	0.18044	0.35771
91	-1173.347234	0.30415	-1170.826803	0.18379	0.42329
92	-1103.432497	0.28159	-1103.401618	0.26530	0.29341
93	-1220.005143	0.33933	-1219.516077	0.26609	0.39068
94	-1323.794569	0.30345	-1321.640857	0.19556	0.40620
95	-1180.155561	0.26461	-1179.256286	0.19028	0.32268
96	-1239.600172	0.32219	-1237.799961	0.19842	0.41339
97	-1259.645839	0.17720	-1258.321016	0.11701	0.22001
98	-1189.985896	0.25762	-1189.766237	0.21329	0.27917
99	-1204.706222	0.42894	-1202.862681	0.26734	0.55806
100	-1165.992567	0.28279	-1165.357783	0.21800	0.33917
101	-1177.114258	0.33076	-1176.930975	0.28642	0.36111
102	-1143.911638	0.40212	-1142.564928	0.26391	0.50507
103	-1061.253429	0.29358	-1060.605890	0.22577	0.35610
104	-1168.238311	0.19857	-1162.507025	0.08711	0.32257
105	-1141.865798	0.22001	-1137.663965	0.11700	0.36322
106	-1292.257619	0.34338	-1290.398834	0.21408	0.46255
107	-1066.476781	0.35555	-1066.461172	0.33939	0.36527
108	-1031.002279	0.19935	-1030.035533	0.13430	0.24516
109	-1222.120187	0.36596	-1221.345008	0.26750	0.43411
110	-1237.097899	0.27424	-1235.830640	0.18535	0.34081
111	-1183.430898	0.21978	-1183.386742	0.23823	0.21168
112	-1136.250251	0.33954	-1134.951335	0.22807	0.44041
113	-1066.435051	0.12901	-1066.213803	0.15024	0.11369
114	-1143.723539	0.19752	-1143.585153	0.17303	0.21392
115	-1199.388301	0.27598	-1198.460356	0.20414	0.33735
116	-1180.302368	0.26186	-1179.885658	0.20583	0.29663
117	-1261.328737	0.25586	-1258.912093	0.14984	0.34152
118	-1061.271964	0.30552	-1060.075089	0.20772	0.39050
119	-1327.792579	0.35119	-1327.260535	0.27094	0.39664
120	-1173.346894	0.23483	-1169.241503	0.11489	0.37114
121	-1183.364382	0.30766	-1183.364367	0.30727	0.30791
122	-1233.519189	0.31682	-1230.441738	0.17121	0.46011
123	-1267.047991	0.20062	-1266.766245	0.16558	0.22134
124	-1297.310740	0.24263	-1295.302811	0.15759	0.32233
125	-1116.727908	0.24481	-1113.959281	0.13774	0.36513
126	-1094.600727	0.37375	-1093.906219	0.28305	0.44809
127	-1180.571034	0.28897	-1179.392798	0.19345	0.35801
128	-1217.213360	0.35882	-1217.205083	0.34646	0.36458
129	-1134.624583	0.26939	-1134.621147	0.26404	0.27269
130	-1306.720325	0.28609	-1305.983456	0.20998	0.33510
131	-1273.102707	0.31525	-1272.928744	0.27228	0.34015
132	-1168.722395	0.31913	-1168.017954	0.24070	0.38528
133	-1322.493886	0.34621	-1319.973128	0.20933	0.46018
134	-1119.452741	0.30252	-1118.931892	0.23298	0.35043
135	-1306.164778	0.27053	-1305.101971	0.19022	0.32073
136	-1290.491014	0.24811	-1288.619164	0.14960	0.32129
137	-1194.297596	0.37224	-1189.555300	0.19831	0.60094
138	-1145.932155	0.28061	-1145.919933	0.27003	0.28715
139	-1204.679231	0.23109	-1203.375079	0.15795	0.29307
140	-1282.664832	0.21462	-1282.366735	0.17742	0.23703
141	-1211.373545	0.31151	-1210.864438	0.23998	0.35393
142	-1281.017026	0.27953	-1278.269426	0.14745	0.36981
143	-1197.906776	0.16417	-1196.781097	0.11199	0.20622
144	-1191.080433	0.33310	-1190.940468	0.29219	0.35728
145	-1185.315615	0.24485	-1184.803244	0.19121	0.28351
146	-1135.070050	0.29309	-1131.494382	0.14795	0.42756
147	-1206.421757	0.23025	-1206.253731	0.20165	0.25046
148	-1222.401707	0.24187	-1220.027852	0.14454	0.33505
149	-1188.228006	0.19436	-1187.242378	0.13222	0.23746
150	-1046.705335	0.32732	-1044.645190	0.20290	0.48524
151	-1285.668426	0.19536	-1285.370544	0.16302	0.21664
152	-1183.898589	0.35222	-1181.732213	0.21229	0.47206
153	-1266.884911	0.25067	-1264.822770	0.16040	0.34429
154	-1102.636318	0.25077	-1102.191047	0.20023	0.29104
155	-1170.171850	0.34581	-1169.878303	0.28106	0.38344
156	-1263.204436	0.20912	-1263.171065	0.19802	0.21726
157	-1204.694620	0.22878	-1204.279388	0.28707	0.20191
158	-1227.526266	0.20883	-1227.245858	0.17205	0.22921
159	-1149.273314	0.40095	-1147.871717	0.25537	0.51303
160	-1188.381662	0.35723	-1187.849506	0.27305	0.41565
161	-1312.580628	0.26849	-1310.419720	0.16695	0.36009
162	-1201.788404	0.26185	-1201.759382	0.24864	0.27160
163	-1321.473988	0.31171	-1321.388258	0.28344	0.32916
164	-1292.857141	0.32807	-1292.856602	0.33058	0.32666
165	-1351.693893	0.25310	-1351.580017	0.22753	0.27054
166	-1128.791138	0.34140	-1128.383598	0.27247	0.39451
167	-1267.495767	0.29154	-1267.070500	0.23615	0.33120
168	-1292.670171	0.28826	-1291.813065	0.20749	0.34490
169	-1139.767317	0.33683	-1136.714240	0.17288	0.48668
170	-1121.814851	0.38915	-1118.322519	0.18162	0.55138
171	-1191.258318	0.31117	-1189.385537	0.19882	0.41092
172	-1162.598832	0.31953	-1162.120592	0.25773	0.37697
173	-1139.149893	0.19222	-1138.074969	0.12851	0.23208
174	-1234.497330	0.32663	-1233.944246	0.25186	0.37823
175	-1261.069516	0.34930	-1260.197012	0.25202	0.42047
176	-1181.360221	0.23848	-1181.134486	0.20746	0.26828
177	-1219.843536	0.30703	-1219.386983	0.24979	0.35737
178	-1180.967765	0.20336	-1177.953923	0.10126	0.28065
179	-1220.996306	0.24035	-1220.977266	0.22938	0.24686
180	-1103.301696	0.15512	-1100.189221	0.08290	0.23311
181	-1159.134025	0.30192	-1155.841463	0.16144	0.43815
182	-1162.011516	0.25487	-1161.340179	0.19155	0.29910
183	-1287.600093	0.32358	-1285.706301	0.20761	0.41754
184	-1209.079724	0.30315	-1207.207509	0.18837	0.39465
185	-1168.378443	0.28437	-1165.207309	0.15046	0.40680
186	-1147.662178	0.32025	-1147.613459	0.29444	0.33417
187	-1165.111048	0.32895	-1165.056022	0.30361	0.34481
188	-1113.930654	0.34082	-1113.535033	0.27175	0.38898
189	-1115.374826	0.24626	-1112.298459	0.13200	0.36825
190	-1251.437950	0.38581	-1250.817320	0.50723	0.33255
191	-1110.566283	0.45233	-1109.842609	0.32799	0.54479
192	-1149.559294	0.27174	-1149.419410	0.23652	0.29614
193	-1282.919104	0.30628	-1278.806287	0.15172	0.44353
194	-1265.820160	0.24208	-1263.569475	0.14147	0.31757
195	-1112.139845	0.26477	-1110.841208	0.17608	0.33443
196	-1163.328506	0.35252	-1161.814011	0.22725	0.45185
197	-1192.972487	0.24936	-1192.337415	0.17813	0.28512
198	-1164.620344	0.30001	-1164.115152	0.39956	0.26483
199	-1269.500923	0.40032	-1269.498711	0.39408	0.40377
200	-1124.655392	0.22214	-1124.302986	0.17346	0.24928
201	-1160.077992	0.19101	-1159.826873	0.16016	0.21329
202	-1164.421125	0.29723	-1159.450766	0.13963	0.47862
203	-1184.752215	0.35100	-1184.154882	0.27308	0.41586
204	-1288.385294	0.36785	-1286.543373	0.23194	0.46577
205	-1150.019108	0.19506	-1149.242215	0.14080	0.23386
206	-1223.538429	0.39829	-1223.535669	0.40631	0.39447
207	-1227.121908	0.30032	-1226.767374	0.36833	0.27024
208	-1232.613554	0.35044	-1232.597892	0.33519	0.35831
209	-1200.313439	0.22805	-1196.729640	0.12037	0.34575
210	-1268.554850	0.24742	-1268.331651	0.20920	0.26876
211	-1232.324802	0.28977	-1231.031498	0.19584	0.36710
212	-1222.008574	0.35867	-1220.142472	0.22731	0.47466
213	-1231.916021	0.34018	-1228.150829	0.16277	0.47983
214	-1176.501048	0.37129	-1176.181020	0.29761	0.40876
215	-1288.328460	0.30960	-1288.322881	0.30191	0.31434
216	-1262.462159	0.18803	-1262.033193	0.14826	0.21299
217	-1200.957745	0.30704	-1198.829453	0.17635	0.39297
218	-1289.508710	0.40571	-1288.857949	0.55049	0.35181
219	-1328.451030	0.31814	-1327.442112	0.23101	0.37902
220	-1155.073386	0.28317	-1152.425884	0.15858	0.38118
221	-1247.579660	0.27359	-1246.508067	0.19764	0.34031
222	-1268.204148	0.24789	-1267.729242	0.19386	0.28121
223	-1262.971309	0.28999	-1260.543131	0.17256	0.39099
224	-1134.225658	0.16586	-1133.507872	0.12146	0.19684
225	-1127.753675	0.38297	-1126.472613	0.24556	0.46732
226	-1225.055720	0.35488	-1224.630285	0.29270	0.41118
227	-1145.469060	0.28325	-1145.050648	0.21862	0.31901
228	-1272.486736	0.28871	-1271.262819	0.18277	0.33944
229	-1277.765407	0.33943	-1277.419411	0.28443	0.38535
230	-1094.067477	0.35864	-1093.149635	0.25015	0.44646
231	-1251.125980	0.39141	-1245.023385	0.17577	0.63934
232	-1156.961497	0.21201	-1155.413526	0.14231	0.28021
233	-1273.657398	0.32166	-1273.519759	0.28461	0.34572
234	-1139.817712	0.23542	-1136.917678	0.12505	0.33108
235	-1177.009757	0.24253	-1176.070262	0.17571	0.29866
236	-1251.678766	0.28423	-1251.618755	0.26148	0.29713
237	-1287.665683	0.39155	-1283.850719	0.20876	0.57415
238	-1235.700195	0.25441	-1234.150344	0.16975	0.32420
239	-1202.558046	0.37890	-1200.394964	0.22354	0.49558
240	-1176.128334	0.26014	-1175.975151	0.22720	0.28047
241	-1274.718916	0.40284	-1274.149110	0.31209	0.46351
242	-1191.916122	0.26921	-1191.623943	0.21995	0.29887
243	-1297.425573	0.27395	-1297.250754	0.23858	0.29547
244	-1268.033148	0.27145	-1261.457081	0.12193	0.46801
245	-1131.996207	0.33016	-1131.995139	0.33400	0.32763
246	-1200.195099	0.24222	-1199.415508	0.17980	0.28832
247	-1266.020503	0.25428	-1266.015507	0.24817	0.25764
248	-1115.599345	0.25939	-1115.571919	0.24334	0.26773
249	-1266.992469	0.27472	-1266.735061	0.22893	0.30194
250	-1229.311927	0.30924	-1228.895668	0.24782	0.35102
251	-1153.946073	0.43788	-1152.649731	0.29176	0.56910
252	-1123.345317	0.36316	-1121.449320	0.22364	0.49555
253	-1063.629207	0.32480	-1060.167728	0.15900	0.48867
254	-1123.938501	0.27161	-1120.457876	0.14064	0.41008
255	-1228.411626	0.19032	-1228.409048	0.18711	0.19233
256	-1229.877696	0.24720	-1225.917429	0.12326	0.36725
257	-1152.432468	0.21689	-1151.355069	0.13536	0.26992
258	-1226.464718	0.33353	-1221.570200	0.16428	0.54515
259	-1182.559747	0.36150	-1180.669206	0.22413	0.47462
260	-1150.226237	0.21791	-1149.292216	0.15323	0.26343
261	-1209.003891	0.31348	-1208.423416	0.40602	0.26978
262	-1033.221513	0.30982	-1033.069061	0.26790	0.33750
263	-1238.738017	0.27949	-1237.589033	0.19324	0.34067
264	-1126.084461	0.18082	-1124.111038	0.10519	0.26246
265	-1276.963625	0.24981	-1273.610848	0.13040	0.35351
266	-1225.548027	0.28569	-1223.100519	0.16891	0.39507
267	-1190.877901	0.42244	-1190.870021	0.40868	0.42926
268	-1193.682911	0.33306	-1191.427115	0.19454	0.45593
269	-1218.968489	0.27567	-1218.866147	0.24524	0.29169
270	-1218.912150	0.34748	-1214.999599	0.17561	0.50889
271	-1122.200004	0.22307	-1121.218843	0.32301	0.18321
272	-1123.596652	0.25316	-1121.440697	0.14923	0.35240
273	-1175.398420	0.17491	-1174.666538	0.13434	0.21688
274	-1272.722493	0.36104	-1269.285639	0.19775	0.51060
275	-1211.554582	0.28726	-1209.625293	0.17798	0.37719
276	-1215.501993	0.24635	-1213.550145	0.15107	0.31981
277	-1194.531198	0.26192	-1192.109448	0.15700	0.36823
278	-1194.885781	0.36817	-1194.623005	0.31190	0.40841
279	-1211.311409	0.23406	-1208.740378	0.13754	0.33414
280	-1296.356904	0.51405	-1296.081223	0.42012	0.55894
281	-1235.184877	0.32794	-1233.886594	0.21677	0.40269
282	-1030.560844	0.29276	-1030.231644	0.23331	0.33134
283	-1231.343028	0.30287	-1224.403509	0.13129	0.53018
284	-1211.689357	0.34613	-1210.652955	0.24581	0.43871
285	-1218.098336	0.26218	-1215.754107	0.14925	0.35005
286	-1205.328826	0.23248	-1205.243830	0.25841	0.21952
287	-1200.417390	0.32677	-1200.397714	0.34294	0.31816
288	-1255.973807	0.22701	-1249.919830	0.09935	0.37529
289	-1234.999822	0.28828	-1234.839275	0.33433	0.26798
290	-1250.912589	0.27074	-1247.889254	0.15352	0.39181
291	-1118.208684	0.19142	-1118.036177	0.16583	0.21105
292	-1231.224532	0.25702	-1228.509825	0.13800	0.34372
293	-1149.651052	0.23778	-1149.335178	0.19232	0.26422
294	-1162.560597	0.21340	-1162.368989	0.18346	0.23317
295	-1222.616677	0.40431	-1221.826402	0.28610	0.47411
296	-1287.131637	0.32688	-1286.760605	0.26335	0.36699
297	-1166.706690	0.26634	-1165.141000	0.16732	0.33840
298	-1184.743416	0.41467	-1183.532003	0.28260	0.51408
299	-1197.071896	0.25877	-1196.147814	0.36107	0.21375
300	-1149.035671	0.37168	-1148.915303	0.32778	0.39798
301	-1113.502409	0.33696	-1110.135751	0.17150	0.50751
302	-1267.656989	0.23552	-1267.639224	0.24489	0.22913
303	-1328.522450	0.35673	-1324.627309	0.18492	0.49965
304	-1121.642031	0.32956	-1121.202359	0.25999	0.38822
305	-1098.472305	0.27218	-1095.453667	0.12874	0.37628
306	-1106.584450	0.36373	-1105.377121	0.25040	0.46287
307	-1115.330502	0.33462	-1111.476002	0.16621	0.48895
308	-1289.104619	0.24721	-1286.537361	0.14084	0.32231
309	-1295.592009	0.33336	-1295.157474	0.26728	0.37605
310	-1253.824683	0.22165	-1253.633634	0.19113	0.24113
311	-1098.439726	0.21053	-1097.592363	0.14993	0.25908
312	-1122.317730	0.35034	-1122.050772	0.29330	0.39150
313	-1233.354789	0.33096	-1231.941335	0.22930	0.43054
314	-1196.007144	0.36060	-1195.710451	0.30156	0.40599
315	-1113.417077	0.22690	-1109.580627	0.10041	0.33774
316	-1196.609082	0.26924	-1195.812795	0.19385	0.31869
317	-1226.155552	0.29260	-1224.652903	0.18112	0.36245
318	-1288.778215	0.24732	-1288.633495	0.21725	0.26480
319	-1267.342823	0.33780	-1267.188039	0.29667	0.36391
320	-1124.539118	0.28863	-1123.609304	0.20784	0.35116
321	-1304.576487	0.22401	-1304.393433	0.19562	0.24357
322	-1268.781972	0.33174	-1267.885686	0.24318	0.39891
323	-1142.259968	0.28331	-1139.629488	0.15824	0.41001
324	-1168.448939	0.25369	-1164.470677	0.12707	0.38454
325	-1263.349727	0.28607	-1263.236736	0.31785	0.26805
326	-1279.478609	0.33532	-1278.382738	0.23428	0.40726
327	-1179.978839	0.26049	-1177.292952	0.14404	0.35429
328	-1185.183127	0.26174	-1184.188038	0.18569	0.32110
329	-1232.499594	0.26702	-1232.309162	0.22985	0.28991
330	-1247.113610	0.37290	-1243.443285	0.18468	0.51820
331	-1345.795222	0.27372	-1345.793624	0.27007	0.27569
332	-1260.124722	0.28029	-1258.628324	0.18339	0.35445
333	-1245.187289	0.36836	-1243.000558	0.22141	0.48899
334	-1266.287426	0.35426	-1261.713684	0.18053	0.56815
335	-1246.582257	0.30159	-1246.436383	0.26176	0.32404
336	-1275.575431	0.29152	-1274.307073	0.19508	0.36270
337	-1155.379367	0.22453	-1155.346050	0.21038	0.23311
338	-1232.995140	0.27996	-1232.882498	0.31102	0.26020
339	-1346.944501	0.31694	-1346.840553	0.28600	0.33587
340	-1235.712743	0.23245	-1233.853013	0.14778	0.30623
341	-1182.871639	0.26409	-1182.861885	0.25454	0.26889
342	-1176.413288	0.25089	-1176.407005	0.24377	0.25454
343	-1205.555088	0.29781	-1205.503975	0.31928	0.28318
344	-1198.484556	0.30143	-1195.537280	0.17111	0.44202
345	-1260.823241	0.25490	-1259.998509	0.18885	0.30407
346	-1165.135437	0.24782	-1162.044998	0.13534	0.36198
347	-1219.646091	0.30902	-1216.696720	0.17359	0.44019
348	-1332.235765	0.27135	-1328.423528	0.13826	0.37325
349	-1415.949824	0.24122	-1415.672933	0.20495	0.26394
350	-1221.821123	0.30958	-1221.492227	0.38258	0.27908
351	-1201.604904	0.33793	-1198.421346	0.19761	0.51039
352	-1153.834932	0.32839	-1150.829615	0.17779	0.46671
353	-1269.316043	0.24269	-1268.110074	0.16499	0.29556
354	-1125.549807	0.39621	-1125.484617	0.36304	0.41852
355	-1152.638150	0.28082	-1152.633305	0.27418	0.28480
356	-1246.084425	0.33125	-1244.789349	0.23336	0.42195
357	-1322.240962	0.34253	-1321.197473	0.25150	0.41947
358	-1090.723162	0.24381	-1087.139399	0.11991	0.36186
359	-1189.327889	0.25958	-1189.024980	0.21416	0.29016
360	-1133.468299	0.24945	-1131.612858	0.15807	0.33525
361	-1089.414699	0.27570	-1089.414667	0.27506	0.27600
362	-1242.152741	0.35592	-1239.478116	0.23100	0.54121
363	-1249.002090	0.28718	-1243.858090	0.13585	0.46719
364	-1207.822612	0.31462	-1207.821610	0.31138	0.31679
365	-1187.163999	0.31977	-1186.754093	0.25710	0.36288
366	-1104.886609	0.31116	-1102.276787	0.17701	0.45000
367	-1069.947592	0.16534	-1069.303134	0.11718	0.19290
368	-1303.001749	0.27233	-1302.853441	0.24275	0.29414
369	-1217.097619	0.37307	-1214.924837	0.22537	0.49829
370	-1110.048826	0.35666	-1109.810124	0.30024	0.39393
371	-1246.586939	0.23620	-1245.992499	0.18488	0.27512
372	-1125.982206	0.30162	-1124.992415	0.22676	0.38883
373	-1289.187544	0.24433	-1288.021477	0.16837	0.29847
374	-1102.191612	0.19548	-1099.442001	0.10401	0.29803
375	-1097.441335	0.27495	-1094.804609	0.16797	0.40956
376	-1258.622001	0.23485	-1257.899887	0.17694	0.27515
377	-1285.524874	0.27098	-1285.085848	0.21769	0.30454
378	-1199.664888	0.34348	-1198.399159	0.23166	0.42457
379	-1197.094555	0.24839	-1193.739639	0.14031	0.40414
380	-1225.492345	0.24203	-1225.409862	0.21882	0.25699
381	-1150.809429	0.21840	-1150.553246	0.18076	0.24144
382	-1181.984404	0.26872	-1180.644499	0.17554	0.33939
383	-1194.209760	0.24146	-1191.692320	0.11960	0.31369
384	-1158.097789	0.22921	-1158.042538	0.21287	0.24135
385	-1257.993966	0.26524	-1254.941352	0.14874	0.38006
386	-1167.889018	0.23546	-1163.072947	0.10958	0.41213
387	-1151.290543	0.22890	-1151.259153	0.24420	0.21996
388	-1256.111786	0.23665	-1255.383817	0.17765	0.27944
389	-1175.264792	0.30205	-1173.738051	0.19960	0.38398
390	-1213.981539	0.33281	-1213.537315	0.26399	0.37481
391	-1257.503206	0.31477	-1255.783317	0.19141	0.38747
392	-1140.445933	0.31999	-1134.389464	0.13045	0.54743
393	-1071.599209	0.16223	-1071.535670	0.17886	0.15302
394	-1167.760782	0.32164	-1167.490670	0.26750	0.35521
395	-1244.920482	0.23109	-1244.891904	0.21812	0.23901
396	-1211.051441	0.26768	-1209.427699	0.18209	0.35803
397	-1173.383946	0.47270	-1172.717641	0.35112	0.54789
398	-1178.697172	0.35148	-1171.959093	0.15548	0.67370
399	-1155.373677	0.33593	-1155.005389	0.26185	0.37461
400	-1184.139887	0.38864	-1181.419278	0.22012	0.55420
401	-1328.034858	0.30218	-1325.852908	0.18320	0.39782
402	-1218.158450	0.33267	-1218.013957	0.29301	0.35722
403	-1193.958420	0.30980	-1191.201762	0.17067	0.43011
404	-1207.183425	0.37447	-1207.182587	0.37823	0.37239
405	-1189.402188	0.26240	-1188.225453	0.17376	0.31797
406	-1195.711803	0.43865	-1194.914119	0.31098	0.51180
407	-1102.620314	0.23989	-1101.344268	0.15111	0.30446
408	-1152.090718	0.19705	-1151.133896	0.13901	0.24010
409	-1120.615319	0.46309	-1120.613445	0.47095	0.45913
410	-1247.087597	0.34156	-1245.158114	0.22239	0.45596
411	-1205.735479	0.29507	-1204.894407	0.21011	0.35057
412	-1197.796904	0.24100	-1192.684888	0.11014	0.39904
413	-1299.351969	0.26786	-1298.840882	0.20677	0.30381
414	-1211.276859	0.38453	-1210.649808	0.29226	0.45131
415	-1284.025393	0.26646	-1283.574322	0.21337	0.30226
416	-1253.835021	0.27941	-1252.872431	0.19972	0.33243
417	-1069.846653	0.20105	-1069.590718	0.16297	0.22444
418	-1196.076730	0.23441	-1195.927196	0.20614	0.25445
419	-1136.660747	0.43879	-1132.850641	0.21505	0.65905
420	-1307.883119	0.42582	-1304.759449	0.22598	0.58665
421	-1295.704164	0.41480	-1295.660726	0.38645	0.43037
422	-1117.064516	0.39705	-1116.344688	0.29253	0.46871
423	-1145.172527	0.14884	-1144.114269	0.09415	0.17927
424	-1216.453745	0.26442	-1215.991880	0.35133	0.23818
425	-1244.736439	0.25007	-1241.599442	0.12460	0.33483
426	-1229.820395	0.42540	-1228.998729	0.30468	0.50536
427	-1107.326278	0.26693	-1101.243170	0.12180	0.50071
428	-1169.838590	0.28800	-1169.537945	0.23814	0.32338
429	-1171.723346	0.33163	-1171.612238	0.29757	0.35853
430	-1197.216525	0.20208	-1194.520053	0.11862	0.28760
431	-1244.407684	0.29404	-1243.268259	0.20702	0.36375
432	-1291.475698	0.21782	-1289.903349	0.14203	0.27990
433	-1277.780204	0.27065	-1273.800904	0.13388	0.39038
434	-1257.566293	0.25775	-1255.430918	0.15847	0.34281
435	-1232.090598	0.38061	-1230.704894	0.25981	0.48311
436	-1078.108229	0.19753	-1077.132095	0.12466	0.23988
437	-1239.636861	0.24818	-1237.898054	0.16376	0.32202
438	-1196.022145	0.20257	-1193.624215	0.12196	0.28239
439	-1293.685502	0.27199	-1293.541998	0.24074	0.29381
440	-1150.499966	0.19406	-1150.153832	0.15489	0.21808
441	-1078.893172	0.23763	-1076.280941	0.12618	0.34097
442	-1270.883942	0.32323	-1269.615579	0.22545	0.40942
443	-1179.291402	0.22434	-1176.198318	0.11788	0.31587
444	-1163.275996	0.46285	-1161.995950	0.32141	0.58458
445	-1176.291536	0.26692	-1176.108418	0.22562	0.28775
446	-1208.835114	0.21664	-1207.933440	0.14958	0.25748
447	-1265.505987	0.24660	-1264.618802	0.17760	0.29235
448	-1235.018585	0.33973	-1234.767114	0.28809	0.37777
449	-1131.824833	0.27039	-1131.560889	0.22448	0.30105
450	-1259.708418	0.28578	-1257.894698	0.17911	0.36528
451	-1342.647256	0.34778	-1340.686887	0.23473	0.46004
452	-1097.960757	0.18713	-1097.938863	0.19772	0.18184
453	-1243.491947	0.33785	-1241.867195	0.21898	0.44185
454	-1191.309192	0.32137	-1189.149171	0.18099	0.41893
455	-1173.925295	0.22185	-1173.473668	0.17722	0.25543
456	-1284.898203	0.40459	-1284.250630	0.31457	0.48316
457	-1153.329781	0.26163	-1149.391017	0.11810	0.38378
458	-1194.615078	0.22971	-1194.613726	0.23246	0.22799
459	-1306.678693	0.32933	-1304.218307	0.19773	0.44878
460	-1213.638621	0.39673	-1211.392519	0.23524	0.53209
461	-1161.174893	0.28444	-1157.421368	0.15184	0.44055
462	-1245.880444	0.31968	-1244.672676	0.21311	0.38538
463	-1159.411595	0.20829	-1159.357216	0.19101	0.21799
464	-1072.596978	0.37951	-1072.494792	0.33911	0.41139
465	-1131.980627	0.21731	-1131.532857	0.16858	0.24908
466	-1204.852549	0.25602	-1204.325662	0.20090	0.29730
467	-1167.639888	0.25392	-1166.809537	0.18668	0.30682
468	-1180.687631	0.33375	-1180.659913	0.31424	0.34389
469	-1243.335866	0.25308	-1240.544325	0.13171	0.33937
470	-1199.391239	0.39973	-1196.822615	0.22905	0.55573
471	-1255.462290	0.32955	-1254.482765	0.23821	0.40063
472	-1145.688662	0.28514	-1142.104717	0.14002	0.41567
473	-1144.657232	0.20680	-1144.099613	0.15829	0.24411
474	-1245.201088	0.30363	-1242.577260	0.17580	0.42005
475	-1276.476106	0.24814	-1275.436643	0.17517	0.29938
476	-1175.240249	0.33433	-1175.165837	0.36708	0.31716
477	-1219.459398	0.35031	-1214.763878	0.16668	0.54034
478	-1155.581621	0.36607	-1150.590496	0.17030	0.58359
479	-1187.780286	0.23542	-1187.300836	0.18411	0.26888
480	-1191.931593	0.25039	-1190.375219	0.16329	0.31895
481	-1141.165845	0.26691	-1141.157063	0.27598	0.26184
482	-1314.005751	0.21965	-1313.942738	0.23906	0.20953
483	-1154.370413	0.28016	-1151.426146	0.15390	0.40934
484	-1144.182786	0.27093	-1143.578590	0.19756	0.31062
485	-1182.974368	0.24798	-1181.171772	0.14958	0.31917
486	-1318.350801	0.39949	-1317.965549	0.33046	0.45012
487	-1281.079038	0.24630	-1278.666635	0.15404	0.34186
488	-1235.411939	0.30183	-1234.439131	0.20972	0.36037
489	-1240.340716	0.23509	-1240.289489	0.21878	0.24666
490	-1084.748921	0.25943	-1084.711357	0.24246	0.27103
491	-1250.741503	0.30299	-1249.055488	0.19740	0.39397
492	-1222.332389	0.16809	-1219.393082	0.09164	0.23705
493	-1187.667093	0.36312	-1187.314035	0.30073	0.41197
494	-1258.436385	0.34461	-1255.744866	0.19427	0.46119
495	-1057.407789	0.33908	-1056.355541	0.22391	0.41629
496	-1281.201687	0.32717	-1280.968246	0.28200	0.36143
497	-1167.461586	0.25826	-1166.679202	0.18841	0.31196
498	-1385.576729	0.26758	-1385.029964	0.20729	0.29976
499	-1077.003221	0.21616	-1076.952198	0.23562	0.20574
500	-1223.654298	0.26306	-1223.411591	0.21712	0.28716
501	-1147.696313	0.22165	-1147.193060	0.16946	0.25551
502	-1118.803519	0.28772	-1118.786467	0.30033	0.27897
503	-1144.519104	0.32186	-1143.813512	0.24529	0.39000
504	-1212.982205	0.24266	-1207.277063	0.10844	0.40108
505	-1170.921602	0.25133	-1170.911971	0.24245	0.25609
506	-1212.042358	0.22023	-1211.883675	0.19144	0.23767
507	-1168.536352	0.43549	-1168.484071	0.40045	0.45407
508	-1180.027987	0.29035	-1178.432911	0.18637	0.37224
509	-1226.438741	0.21614	-1224.765025	0.14009	0.27896
510	-1106.144510	0.21623	-1105.505352	0.15468	0.25175
511	-1176.306471	0.31690	-1174.737320	0.20577	0.41079
512	-1218.394629	0.22699	-1218.283990	0.20213	0.24165
513	-1229.959398	0.23711	-1228.598675	0.16285	0.30920
514	-1319.487189	0.46500	-1317.973883	0.29438	0.57785
515	-1276.455450	0.26319	-1275.541887	0.19359	0.31595
516	-1079.056852	0.23452	-1077.562406	0.14585	0.31751
517	-1093.960606	0.27316	-1093.913777	0.25231	0.28638
518	-1142.689675	0.36728	-1138.084987	0.16567	0.60167
519	-1155.904745	0.29592	-1155.647160	0.24748	0.33164
520	-1151.803315	0.41085	-1151.461110	0.33067	0.46116
521	-1292.872683	0.26091	-1292.478560	0.20963	0.29029
522	-1258.733995	0.30482	-1257.021882	0.20127	0.39776
523	-1119.176505	0.30218	-1118.445632	0.22387	0.36222
524	-1341.024039	0.30474	-1340.102049	0.21881	0.35811
525	-1243.218337	0.24117	-1241.081066	0.14943	0.31790
526	-1195.995581	0.15244	-1195.855899	0.13590	0.16725
527	-1247.613578	0.38063	-1246.092278	0.23194	0.46003
528	-1173.442555	0.30786	-1171.300396	0.17989	0.41482
529	-1109.234438	0.21312	-1109.106643	0.24304	0.19679
530	-1057.440958	0.22471	-1057.205322	0.18636	0.24968
531	-1239.576363	0.29922	-1239.475907	0.26718	0.31756
532	-1211.244116	0.36439	-1210.043654	0.24897	0.44823
533	-1174.198314	0.24891	-1173.765705	0.19297	0.27857
534	-1216.486697	0.24427	-1215.635577	0.18103	0.29485
535	-1186.061357	0.37291	-1185.825676	0.31424	0.41008
536	-1219.302109	0.38287	-1216.472115	0.22993	0.55875
537	-1104.304162	0.25560	-1101.479329	0.13882	0.37698
538	-1202.779117	0.31770	-1202.680282	0.28698	0.34172
539	-1220.755367	0.32116	-1220.570734	0.27453	0.34786
540	-1236.552216	0.29009	-1234.848037	0.18401	0.36674
541	-1182.391921	0.29972	-1182.390091	0.30404	0.29718
542	-1222.342053	0.36719	-1222.057294	0.30823	0.40870
543	-1082.479022	0.22247	-1082.419611	0.24465	0.21195
544	-1225.404509	0.27014	-1225.191086	0.23114	0.29439
545	-1343.960171	0.43033	-1343.122375	0.33577	0.52398
546	-1218.387145	0.28847	-1217.639677	0.21000	0.33517
547	-1145.544983	0.37503	-1142.955349	0.21200	0.53156
548	-1200.847523	0.35516	-1199.074724	0.23019	0.46888
549	-1135.161403	0.16332	-1134.323876	0.11832	0.20082
550	-1214.855971	0.26396	-1214.123131	0.19610	0.31125
551	-1163.450575	0.25623	-1163.260975	0.22076	0.28129
552	-1113.133851	0.30992	-1110.421826	0.16743	0.43153
553	-1214.912215	0.31622	-1213.799593	0.21021	0.38743
554	-1157.499310	0.27401	-1157.418223	0.24918	0.29344
555	-1238.763573	0.30952	-1238.519536	0.26039	0.34306
556	-1188.816271	0.38321	-1187.891734	0.27499	0.47891
557	-1282.222057	0.23595	-1281.697431	0.18796	0.27447
558	-1242.965959	0.30093	-1239.766409	0.16164	0.42555
559	-1203.869329	0.39417	-1203.864369	0.38362	0.39900
560	-1055.875326	0.24836	-1055.247928	0.18016	0.29415
561	-1020.593700	0.29153	-1019.330723	0.19047	0.38025
562	-1350.364807	0.28746	-1350.166811	0.33881	0.26895
563	-1080.218082	0.43509	-1079.068872	0.27840	0.53489
564	-1206.215686	0.48847	-1205.415444	0.65632	0.40765
565	-1333.854511	0.32524	-1330.398399	0.16919	0.45400
566	-1063.922134	0.26782	-1063.465297	0.20692	0.30987
567	-1053.240208	0.30005	-1052.901966	0.24618	0.34202
568	-1166.426499	0.23510	-1165.694379	0.17063	0.28087
569	-1181.233743	0.22399	-1178.933125	0.13253	0.30649
570	-1138.075297	0.41932	-1137.808022	0.33966	0.46229
571	-1171.006162	0.25203	-1170.682690	0.20868	0.28863
572	-1229.971168	0.24092	-1229.969060	0.24464	0.23869
573	-1164.021272	0.24182	-1162.955864	0.16473	0.30339
574	-1139.358873	0.44247	-1135.243057	0.22628	0.72396
575	-1149.572381	0.27739	-1149.322411	0.24005	0.31137
576	-1137.876374	0.30859	-1133.898235	0.15690	0.47449
577	-1224.613539	0.33004	-1223.133840	0.20794	0.40140
578	-1129.431889	0.26380	-1129.068705	0.21260	0.30035
579	-1194.583145	0.25831	-1192.593804	0.15044	0.34085
580	-1202.432689	0.31162	-1201.547480	0.23094	0.37893
581	-1021.690641	0.22968	-1021.682441	0.22279	0.23487
582	-1095.562428	0.35885	-1093.975886	0.22697	0.49488
583	-1216.985659	0.41923	-1216.795969	0.35910	0.45597
584	-1111.019272	0.24980	-1110.875484	0.21552	0.26956
585	-1236.121018	0.33920	-1234.976199	0.23443	0.42822
586	-1139.885733	0.34776	-1139.720795	0.30749	0.38357
587	-1182.943552	0.38399	-1177.947085	0.17241	0.61656
588	-1310.870961	0.26813	-1310.652476	0.22760	0.29037
589	-1195.754786	0.52881	-1194.672733	0.36277	0.64193
590	-1251.282953	0.25898	-1251.160125	0.23154	0.27781
591	-1105.951976	0.26282	-1105.923342	0.28012	0.25404
592	-1255.944981	0.19979	-1253.925820	0.12556	0.27636
593	-1031.933418	0.23444	-1029.175463	0.13500	0.35132
594	-1225.141297	0.39114	-1218.747269	0.16218	0.63489
595	-1208.578283	0.36897	-1206.934728	0.23122	0.46295
596	-1097.941464	0.33918	-1096.461722	0.23865	0.46426
597	-1247.856806	0.31551	-1247.525198	0.26106	0.35093
598	-1193.420234	0.31978	-1192.785418	0.23458	0.36516
599	-1330.786826	0.37414	-1330.383983	0.29592	0.41378
600	-1148.991991	0.36335	-1148.917386	0.33152	0.38396
601	-1224.041920	0.23910	-1222.431701	0.15422	0.30932
602	-1076.430431	0.36896	-1069.102914	0.14436	0.68969
603	-1098.192776	0.57248	-1098.160710	0.61025	0.54741
604	-1184.157833	0.21387	-1183.881284	0.17707	0.23866
605	-1220.726046	0.24328	-1220.185995	0.17757	0.27176
606	-1181.628389	0.22723	-1179.455439	0.13615	0.31229
607	-1184.525381	0.26330	-1184.335090	0.22788	0.28859
608	-1176.543684	0.26458	-1176.347736	0.23248	0.29307
609	-1176.674229	0.29097	-1173.782206	0.16386	0.41842
610	-1076.349514	0.17566	-1075.065372	0.11296	0.23088
611	-1149.163200	0.36355	-1145.808203	0.17432	0.50607
612	-1308.308492	0.30238	-1308.229516	0.27468	0.31846
613	-1202.796678	0.41057	-1202.156024	0.30769	0.47898
614	-1135.840479	0.17954	-1133.478335	0.10168	0.24898
615	-1331.857837	0.36524	-1330.193421	0.24396	0.45900
616	-1341.792347	0.29482	-1339.534412	0.17877	0.39284
617	-1247.746116	0.33959	-1246.900527	0.26366	0.41778
618	-1153.848192	0.31459	-1150.877466	0.15346	0.42725
619	-1276.074781	0.27548	-1274.859257	0.18299	0.33599
620	-1205.133546	0.25999	-1204.610461	0.20267	0.30916
621	-1162.335674	0.27043	-1161.838467	0.21044	0.31251
622	-1257.120690	0.21546	-1256.673496	0.16804	0.24137
623	-1242.793196	0.24720	-1241.302133	0.16031	0.31130
624	-1112.270998	0.21849	-1111.526053	0.15803	0.26209
625	-1196.173005	0.19861	-1196.173005	0.19856	0.19863
626	-1159.507192	0.28353	-1156.288648	0.15810	0.42263
627	-1187.587809	0.34872	-1185.032681	0.19322	0.48404
628	-1204.250059	0.19007	-1200.678821	0.10272	0.29359
629	-1214.638344	0.29121	-1214.146598	0.23321	0.33877
630	-1265.371510	0.27946	-1263.202993	0.16455	0.38088
631	-1188.063540	0.28680	-1186.510357	0.18260	0.37110
632	-1057.858383	0.24209	-1056.605041	0.16263	0.32257
633	-1100.081871	0.31805	-1098.346560	0.19042	0.40777
634	-1208.770790	0.30815	-1204.956716	0.14554	0.47020
635	-1230.932937	0.23497	-1226.804035	0.10759	0.33378
636	-1162.504674	0.26153	-1160.942665	0.15528	0.32273
637	-1191.534936	0.19204	-1189.457021	0.10831	0.25823
638	-1252.049197	0.41622	-1251.174104	0.30395	0.50027
639	-1218.851865	0.23453	-1218.420960	0.18713	0.26490
640	-1321.083506	0.32183	-1319.867630	0.22720	0.39621
641	-1239.860962	0.19960	-1237.329327	0.11811	0.27406
642	-1284.335615	0.32116	-1283.823346	0.24724	0.36156
643	-1292.840176	0.37014	-1287.990960	0.18009	0.56195
644	-1121.910476	0.26666	-1120.961916	0.18331	0.32152
645	-1133.654773	0.27536	-1129.879989	0.14298	0.43157
646	-1124.594650	0.28335	-1123.649299	0.40775	0.23555
647	-1169.843096	0.28874	-1168.664726	0.20174	0.36537
648	-1193.522181	0.27742	-1192.538444	0.19769	0.33585
649	-1264.455598	0.26691	-1264.257565	0.31300	0.24750
650	-1229.216937	0.41065	-1227.826600	0.27079	0.51793
651	-1243.189578	0.29408	-1242.108690	0.20717	0.35552
652	-1134.925748	0.23118	-1134.682887	0.19371	0.25623
653	-1245.329064	0.25256	-1244.092835	0.17362	0.31031
654	-1147.008716	0.19377	-1146.863161	0.16872	0.20886
655	-1262.337306	0.40462	-1261.598062	0.29407	0.46957
656	-1238.432946	0.38945	-1235.805631	0.22937	0.55119
657	-1162.477821	0.32747	-1162.197599	0.27281	0.36452
658	-1140.468704	0.23705	-1138.581993	0.14522	0.31152
659	-1100.115965	0.32078	-1099.758805	0.26381	0.36513
660	-1203.271743	0.28243	-1200.374335	0.16147	0.41181
661	-1162.058204	0.35144	-1161.830648	0.41895	0.31928
662	-1184.484628	0.26188	-1183.266327	0.18427	0.33169
663	-1189.880190	0.24827	-1189.067219	0.18953	0.30430
664	-1208.111015	0.23077	-1208.105392	0.23660	0.22707
665	-1195.960369	0.20130	-1192.288103	0.11275	0.31689
666	-1270.632696	0.32994	-1266.686794	0.15639	0.45231
667	-1149.850565	0.32183	-1145.609164	0.16492	0.52357
668	-1205.299520	0.27442	-1201.172412	0.13312	0.41008
669	-1276.151729	0.32643	-1268.090579	0.13581	0.59596
670	-1164.586128	0.23942	-1164.150851	0.19021	0.27741
671	-1128.187498	0.23279	-1127.956093	0.19559	0.25727
672	-1164.235588	0.23354	-1160.699305	0.12452	0.37020
673	-1126.757413	0.30394	-1126.536748	0.26070	0.33654
674	-1269.761861	0.24452	-1268.851503	0.17610	0.28880
675	-1264.253913	0.20089	-1259.794703	0.10894	0.31474
676	-1263.173876	0.44984	-1257.182883	0.20385	0.73362
677	-1200.284813	0.29430	-1200.221654	0.26945	0.31012
678	-1132.126472	0.18188	-1129.359286	0.09425	0.25312
679	-1367.204890	0.47530	-1365.096094	0.28778	0.62559
680	-1182.962571	0.24445	-1180.146175	0.14807	0.37805
681	-1143.950084	0.29018	-1141.053559	0.15778	0.42698
682	-1138.664038	0.34308	-1138.496237	0.29718	0.37229
683	-1254.237175	0.28802	-1253.811596	0.23293	0.32685
684	-1215.562881	0.34891	-1215.557203	0.33974	0.35358
685	-1279.499392	0.19049	-1277.428160	0.11023	0.24169
686	-1198.145003	0.23979	-1197.719305	0.19419	0.27614
687	-1286.139785	0.25113	-1286.000981	0.22179	0.26815
688	-1310.151355	0.32085	-1308.286882	0.19630	0.40626
689	-1248.023969	0.38831	-1247.077234	0.28080	0.46678
690	-1233.487495	0.35472	-1229.874747	0.21378	0.57383
691	-1231.099338	0.33414	-1230.068669	0.23356	0.39949
692	-1126.429857	0.33103	-1124.741319	0.19802	0.42316
693	-1241.832145	0.35647	-1241.281751	0.26581	0.41334
694	-1198.976979	0.31817	-1197.922839	0.23332	0.39901
695	-1196.860303	0.45976	-1196.767745	0.50850	0.43402
696	-1139.112191	0.26414	-1139.111450	0.26139	0.26551
697	-1203.090997	0.28282	-1201.425372	0.17057	0.35182
698	-1247.528484	0.24289	-1245.767149	0.16023	0.32244
699	-1147.873517	0.27621	-1147.674347	0.23205	0.29948
700	-1270.398220	0.30754	-1270.322320	0.27979	0.32179
701	-1148.541615	0.23076	-1148.299027	0.19495	0.25632
702	-1250.124269	0.27838	-1249.928141	0.23525	0.29953
703	-1181.504843	0.25636	-1176.582068	0.11725	0.43970
704	-1153.035790	0.22255	-1152.298276	0.16365	0.26534
705	-1208.921959	0.38656	-1207.844768	0.26835	0.48890
706	-1167.587744	0.23176	-1164.418439	0.11722	0.34249
707	-1182.192052	0.22821	-1180.001442	0.13575	0.30298
708	-1257.795755	0.35989	-1257.329425	0.28340	0.40510
709	-1258.699020	0.31942	-1258.461475	0.26985	0.34916
710	-1208.184078	0.27495	-1207.954563	0.23426	0.30397
711	-1206.385776	0.23476	-1202.039685	0.11639	0.36328
712	-1220.620048	0.41245	-1220.468686	0.35936	0.44374
713	-1194.172151	0.26791	-1193.679156	0.20708	0.30640
714	-1245.895819	0.32728	-1243.438079	0.19308	0.45038
715	-1200.093266	0.26931	-1198.219778	0.17857	0.35956
716	-1149.855707	0.32450	-1149.714054	0.28269	0.35222
717	-1150.219986	0.23418	-1150.211721	0.22646	0.23813
718	-1391.804617	0.37823	-1390.235910	0.26768	0.49905
719	-1095.370276	0.26812	-1094.461120	0.18026	0.32140
720	-1185.351036	0.29548	-1182.299500	0.16055	0.41752
721	-1220.616592	0.25652	-1220.470912	0.22705	0.27670
722	-1126.487479	0.15096	-1123.888902	0.08568	0.21894
723	-1189.461687	0.32167	-1189.096659	0.26807	0.36639
724	-1312.508960	0.32648	-1312.478559	0.30816	0.33689
725	-1250.333637	0.32687	-1249.633355	0.25024	0.38831
726	-1072.157530	0.22299	-1071.575009	0.16509	0.26254
727	-1099.719620	0.39600	-1099.514980	0.33361	0.43260
728	-1189.320662	0.36028	-1188.584615	0.26625	0.42227
729	-1365.105618	0.31574	-1364.953961	0.27951	0.34131
730	-1200.386850	0.35535	-1195.928864	0.15313	0.50344
731	-1200.544110	0.28730	-1199.046744	0.18946	0.36755
732	-1152.842834	0.24384	-1152.698577	0.27723	0.22671
733	-1181.462762	0.19042	-1179.180682	0.12022	0.27819
734	-1200.780643	0.29259	-1196.281582	0.11574	0.41504
735	-1211.767455	0.19938	-1211.747376	0.20909	0.19358
736	-1111.596567	0.28896	-1110.734605	0.21059	0.35477
737	-1234.495989	0.31075	-1234.243809	0.26270	0.33940
738	-1201.563305	0.25141	-1200.790489	0.18165	0.29929
739	-1142.046434	0.21440	-1140.023092	0.12222	0.28417
740	-1209.536074	0.24497	-1209.523397	0.25397	0.23894
741	-1196.014229	0.34803	-1193.690472	0.20772	0.47697
742	-1121.673305	0.24404	-1120.365182	0.16839	0.32012
743	-1148.018224	0.34823	-1147.911915	0.31243	0.37568
744	-1197.712049	0.39622	-1197.569715	0.34404	0.42291
745	-1205.264480	0.26607	-1203.141330	0.15767	0.34896
746	-1169.903778	0.36275	-1169.406768	0.28022	0.41294
747	-1208.716672	0.25890	-1204.957514	0.13482	0.38195
748	-1334.050041	0.30575	-1332.556566	0.20807	0.38813
749	-1199.357906	0.29182	-1195.431964	0.14577	0.43124
750	-1172.177396	0.32759	-1168.483524	0.16852	0.48473
751	-1116.506751	0.29700	-1116.418347	0.26503	0.31380
752	-1158.914223	0.36788	-1155.459902	0.18389	0.52971
753	-1218.530010	0.25252	-1218.497729	0.26844	0.24381
754	-1182.019877	0.24388	-1181.825986	0.20626	0.26527
755	-1120.665495	0.21174	-1120.486916	0.17920	0.22882
756	-1222.327037	0.38710	-1222.324996	0.38103	0.39050
757	-1124.338465	0.31128	-1124.333614	0.32028	0.30710
758	-1189.064153	0.21888	-1186.263131	0.12217	0.31035
759	-1141.417378	0.29587	-1140.922048	0.37733	0.25626
760	-1275.135705	0.41917	-1274.903281	0.35762	0.45737
761	-1210.388643	0.32420	-1209.943147	0.25427	0.36790
762	-1106.490631	0.22938	-1105.992000	0.17409	0.26364
763	-1239.257467	0.36821	-1239.019444	0.31109	0.40120
764	-1240.018376	0.23661	-1237.976929	0.13940	0.30585
765	-1201.282248	0.30156	-1198.640945	0.16779	0.40628
766	-1212.193239	0.36152	-1210.731714	0.23925	0.46498
767	-1239.704506	0.25089	-1237.454486	0.14269	0.33021
768	-1261.458678	0.31932	-1260.273151	0.22252	0.39797
769	-1156.875878	0.35874	-1156.857047	0.34104	0.36803
770	-1289.250161	0.33105	-1288.215672	0.24322	0.40930
771	-1155.575778	0.27242	-1154.061862	0.17670	0.34912
772	-1278.765889	0.27398	-1277.383571	0.18192	0.34589
773	-1295.015779	0.28140	-1294.431122	0.21974	0.32390
774	-1093.241146	0.20315	-1093.140637	0.17869	0.21531
775	-1255.917298	0.26027	-1255.489836	0.33610	0.23457
776	-1177.887173	0.29076	-1177.040537	0.20516	0.34350
777	-1211.823195	0.35154	-1211.740630	0.38822	0.33203
778	-1102.538813	0.23808	-1101.336312	0.15834	0.29730
779	-1243.680538	0.33614	-1243.301066	0.27264	0.38418
780	-1160.255326	0.23919	-1159.317152	0.17077	0.29283
781	-1200.972074	0.22391	-1200.670334	0.18780	0.25193
782	-1257.257201	0.37417	-1257.230414	0.35204	0.38454
783	-1228.595966	0.31308	-1228.493007	0.34800	0.29314
784	-1361.824725	0.27245	-1359.862619	0.16845	0.34625
785	-1118.790114	0.34257	-1118.055381	0.25681	0.41633
786	-1110.142653	0.29719	-1109.172583	0.20322	0.36333
787	-1178.046406	0.19303	-1177.588212	0.15091	0.21977
788	-1245.550276	0.30680	-1245.539529	0.29501	0.31228
789	-1243.521051	0.24126	-1242.711966	0.16869	0.27939
790	-1158.472671	0.46608	-1157.979574	0.35907	0.53833
791	-1095.741347	0.28153	-1095.553824	0.33166	0.25810
792	-1203.616117	0.26368	-1203.412660	0.22816	0.29004
793	-1186.702383	0.27630	-1184.244984	0.16121	0.38201
794	-1316.675862	0.23292	-1314.593889	0.15373	0.30985
795	-1413.141391	0.30465	-1412.462853	0.23127	0.34716
796	-1066.452012	0.30272	-1064.338852	0.16201	0.40404
797	-1157.772175	0.26135	-1155.661053	0.15639	0.35333
798	-1163.491025	0.34078	-1163.483966	0.33098	0.34653
799	-1176.499740	0.37114	-1175.956849	0.28244	0.42872
800	-1247.022699	0.28621	-1245.961312	0.20760	0.35135
801	-1131.444325	0.22192	-1130.170438	0.14651	0.27879
802	-1100.876416	0.22834	-1100.791641	0.20414	0.24212
803	-1047.203855	0.21759	-1046.830963	0.17159	0.24750
804	-1277.582209	0.24002	-1275.530087	0.15066	0.31711
805	-1201.784798	0.43415	-1200.012491	0.27410	0.57363
806	-1144.157975	0.24412	-1142.290138	0.14349	0.31850
807	-1279.013189	0.28317	-1277.709641	0.18920	0.34977
808	-1139.919762	0.31599	-1139.823754	0.28000	0.33611
809	-1156.510605	0.34692	-1154.644630	0.19832	0.43739
810	-1109.354725	0.38301	-1109.134220	0.33244	0.43126
811	-1351.356303	0.23156	-1351.324769	0.21871	0.23895
812	-1166.210200	0.29126	-1165.872523	0.23505	0.33007
813	-1223.921807	0.40415	-1222.682869	0.27697	0.50328
814	-1253.599764	0.29714	-1252.844719	0.21858	0.34939
815	-1245.477692	0.28434	-1244.048232	0.17898	0.35137
816	-1189.383833	0.18010	-1189.316246	0.16308	0.18854
817	-1172.149766	0.16575	-1171.314532	0.11929	0.20023
818	-1169.659528	0.32990	-1169.563382	0.29653	0.35111
819	-1300.828147	0.29686	-1300.175929	0.22687	0.34467
820	-1182.893154	0.24673	-1181.778108	0.16409	0.30020
821	-1067.601407	0.35742	-1067.256957	0.28738	0.40619
822	-1191.410657	0.31913	-1183.650454	0.10351	0.52698
823	-1177.015373	0.22214	-1176.993708	0.20997	0.22802
824	-1192.800018	0.37276	-1192.108699	0.27475	0.43164
825	-1166.458866	0.27396	-1166.091401	0.22024	0.30940
826	-1099.338082	0.29858	-1098.983524	0.24090	0.33590
827	-1115.881356	0.30630	-1113.999898	0.19378	0.41465
828	-1320.212886	0.26506	-1318.948778	0.17739	0.31973
829	-1119.681330	0.29314	-1118.533205	0.19389	0.35699
830	-1135.923005	0.39097	-1135.279111	0.29644	0.46863
831	-1159.128477	0.23415	-1158.760989	0.18825	0.26412
832	-1183.136912	0.27041	-1182.823794	0.22125	0.30227
833	-1126.451103	0.29773	-1122.449254	0.14183	0.44990
834	-1183.875699	0.29764	-1183.135236	0.22430	0.35917
835	-1157.108731	0.28919	-1156.999461	0.25589	0.31337
836	-1137.806385	0.22055	-1137.805767	0.22223	0.21933
837	-1286.704593	0.21307	-1286.412079	0.17606	0.23471
838	-1089.448788	0.21849	-1089.349435	0.19432	0.23406
839	-1290.210247	0.31497	-1288.463996	0.20358	0.39994
840	-1268.000205	0.25478	-1266.967917	0.18330	0.32001
841	-1129.509762	0.16867	-1127.581179	0.10017	0.23113
842	-1191.088171	0.21413	-1183.739347	0.08239	0.40815
843	-1153.399087	0.26191	-1150.638859	0.15687	0.40135
844	-1243.176771	0.34095	-1242.509406	0.25840	0.39490
845	-1288.583975	0.28066	-1287.337969	0.19552	0.34446
846	-1206.911516	0.31968	-1205.853123	0.21966	0.38626
847	-1304.001025	0.35422	-1303.262501	0.47138	0.30181
848	-1141.254536	0.20792	-1139.774508	0.13255	0.26804
849	-1183.790604	0.36881	-1183.610574	0.32201	0.40300
850	-1265.855143	0.42691	-1263.368766	0.23560	0.55856
851	-1167.677269	0.26707	-1166.427930	0.16992	0.32445
852	-1174.702739	0.43756	-1172.095158	0.24419	0.62192
853	-1130.262459	0.24602	-1130.218273	0.22922	0.25978
854	-1111.668476	0.38248	-1110.544991	0.25235	0.46728
855	-1377.859548	0.34469	-1377.533634	0.28943	0.38050
856	-1213.902224	0.25961	-1208.278023	0.11602	0.42538
857	-1221.377560	0.21025	-1217.508857	0.10066	0.30359
858	-1205.236746	0.22928	-1205.171975	0.21079	0.24333
859	-1268.196287	0.32185	-1267.588043	0.25145	0.37428
860	-1193.494493	0.20754	-1192.906920	0.15507	0.24230
861	-1241.735420	0.29014	-1241.727338	0.29919	0.28525
862	-1209.073284	0.36483	-1208.889413	0.31210	0.39504
863	-1295.679356	0.32897	-1295.576776	0.29488	0.34831
864	-1198.597399	0.21980	-1196.803586	0.13912	0.29218
865	-1103.579377	0.33065	-1102.648388	0.22873	0.40086
866	-1257.562230	0.31904	-1256.989670	0.24150	0.36833
867	-1193.472629	0.20616	-1191.968831	0.13408	0.26930
868	-1136.232105	0.23205	-1135.407530	0.17505	0.28567
869	-1329.170853	0.40657	-1328.232166	0.30056	0.48755
870	-1190.531681	0.29298	-1190.332308	0.34630	0.27033
871	-1119.950393	0.40352	-1119.666327	0.33304	0.45392
872	-1270.141971	0.28118	-1266.025611	0.13778	0.42046
873	-1197.376318	0.31100	-1196.357516	0.21881	0.38075
874	-1234.874029	0.40258	-1234.083589	0.29530	0.47400
875	-1101.359610	0.39106	-1100.176515	0.27043	0.49300
876	-1184.387463	0.32126	-1183.936735	0.25327	0.36551
877	-1221.494166	0.22553	-1221.110333	0.18087	0.25524
878	-1185.571596	0.26780	-1183.083336	0.15354	0.36437
879	-1174.948643	0.32893	-1174.621838	0.26487	0.36526
880	-1176.563220	0.45422	-1176.223966	0.36567	0.50746
881	-1114.384808	0.34298	-1113.770859	0.25092	0.39750
882	-1227.063771	0.26497	-1224.390782	0.14780	0.37312
883	-1131.573262	0.29520	-1131.028724	0.38162	0.25274
884	-1112.729170	0.33074	-1112.042966	0.24338	0.39826
885	-1247.656757	0.28299	-1245.056149	0.15670	0.37912
886	-1211.714098	0.29353	-1211.627580	0.26470	0.30992
887	-1202.609753	0.33867	-1201.683203	0.24832	0.41154
888	-1060.479712	0.30438	-1060.479225	0.30147	0.30571
889	-1219.197269	0.29841	-1218.614384	0.23374	0.34820
890	-1126.630413	0.24606	-1123.813547	0.13787	0.34919
891	-1343.781200	0.34194	-1338.993072	0.18130	0.52700
892	-1237.677610	0.26467	-1235.206985	0.14655	0.34554
893	-1207.087239	0.40450	-1205.940505	0.26875	0.49214
894	-1216.600911	0.36128	-1213.100291	0.19568	0.56757
895	-1217.252255	0.29468	-1217.239887	0.28426	0.30179
896	-1194.668983	0.39229	-1194.578918	0.35165	0.41363
897	-1202.421997	0.32627	-1202.324230	0.29468	0.34775
898	-1323.533600	0.29580	-1323.294839	0.24978	0.32128
899	-1120.721242	0.38378	-1118.446578	0.22577	0.54202
900	-1323.825099	0.28476	-1323.476392	0.22853	0.31236
901	-1140.753483	0.28622	-1140.432464	0.23379	0.32315
902	-1138.795709	0.19460	-1138.668179	0.17016	0.20946
903	-1194.156382	0.33796	-1194.044069	0.29947	0.35778
904	-1136.414447	0.27511	-1133.048140	0.14834	0.41012
905	-1244.111063	0.29580	-1241.672457	0.16925	0.39214
906	-1148.292768	0.27825	-1148.287380	0.27146	0.28264
907	-1172.718897	0.31323	-1172.690762	0.29416	0.32380
908	-1189.419862	0.34216	-1189.417526	0.33625	0.34526
909	-1158.546531	0.31716	-1154.930063	0.15266	0.44326
910	-1103.095144	0.32099	-1102.974077	0.28871	0.34924
911	-1271.928729	0.26897	-1270.864415	0.18641	0.32036
912	-1178.126402	0.29742	-1178.014304	0.26031	0.31485
913	-1288.747957	0.40579	-1287.765321	0.29048	0.49083
914	-1301.368177	0.25830	-1299.007794	0.14739	0.33918
915	-1247.440816	0.27941	-1246.036326	0.18729	0.34794
916	-1191.251162	0.31912	-1187.521692	0.17051	0.48492
917	-1118.757637	0.24517	-1117.334482	0.15662	0.30871
918	-1177.424968	0.22794	-1177.187020	0.18669	0.24898
919	-1144.485733	0.34129	-1143.885529	0.26323	0.40575
920	-1126.188698	0.24966	-1125.959529	0.29632	0.22654
921	-1263.519628	0.31524	-1261.285494	0.18478	0.41517
922	-1212.670943	0.33886	-1211.014406	0.20418	0.42384
923	-1195.022470	0.30519	-1194.868375	0.26346	0.32793
924	-1286.347872	0.39398	-1286.129870	0.33697	0.43247
925	-1250.025601	0.25998	-1248.639461	0.18565	0.33310
926	-1136.922971	0.22142	-1135.816483	0.15917	0.28723
927	-1219.484472	0.20743	-1219.254985	0.17591	0.22814
928	-1192.805296	0.24901	-1192.183079	0.19237	0.29199
929	-1345.199353	0.36899	-1345.193100	0.37896	0.36377
930	-1399.316706	0.39226	-1399.161646	0.44465	0.36970
931	-1242.782621	0.36298	-1242.781407	0.35821	0.36503
932	-1202.448817	0.23732	-1202.240348	0.19901	0.25642
933	-1063.837617	0.21818	-1062.986991	0.16513	0.28107
934	-1260.206827	0.36884	-1260.186363	0.35335	0.38019
935	-1147.043532	0.36408	-1145.643738	0.24579	0.46733
936	-1175.869453	0.17768	-1175.867556	0.18063	0.17623
937	-1280.970303	0.35486	-1278.249183	0.18913	0.46427
938	-1252.382667	0.26580	-1251.414047	0.19117	0.31754
939	-1236.526969	0.40331	-1234.357590	0.24008	0.53089
940	-1223.035946	0.29934	-1217.338206	0.12735	0.48987
941	-1308.154535	0.38741	-1307.973284	0.32572	0.41411
942	-1092.660443	0.25514	-1090.813569	0.14660	0.33510
943	-1330.653311	0.28725	-1330.436403	0.24521	0.31058
944	-1204.923307	0.28932	-1203.753687	0.19672	0.35544
945	-1062.807635	0.20172	-1061.426243	0.11466	0.24603
946	-1160.695987	0.21924	-1160.622730	0.20030	0.23260
947	-1189.676745	0.22760	-1188.340766	0.15663	0.29939
948	-1220.134767	0.35945	-1218.996960	0.25298	0.44940
949	-1233.056950	0.18311	-1232.224876	0.25603	0.15632
950	-1166.035387	0.37535	-1165.582932	0.30263	0.43439
951	-1100.371987	0.31417	-1097.720073	0.17907	0.46119
952	-1109.724164	0.24521	-1109.450571	0.20401	0.27321
953	-1211.907777	0.26553	-1210.859695	0.18624	0.33444
954	-1238.084964	0.26835	-1236.169453	0.15591	0.34037
955	-1351.968141	0.30505	-1351.099003	0.22008	0.35375
956	-1180.060594	0.39717	-1179.981102	0.35999	0.42303
957	-1085.037118	0.35051	-1081.234723	0.15832	0.51632
958	-1238.073641	0.22547	-1237.512257	0.28411	0.19174
959	-1219.997864	0.32889	-1218.936648	0.22930	0.39670
960	-1172.006969	0.33274	-1171.829583	0.28469	0.36157
961	-1277.973828	0.30832	-1277.523565	0.24629	0.34631
962	-1206.597334	0.27436	-1204.336579	0.15962	0.37380
963	-1194.276028	0.27586	-1192.466218	0.17339	0.36168
964	-1282.583435	0.30594	-1281.957753	0.23007	0.35216
965	-1298.885440	0.28436	-1294.391125	0.13383	0.42847
966	-1172.687026	0.26234	-1172.621383	0.24203	0.27656
967	-1088.828418	0.23368	-1087.977094	0.16515	0.28163
968	-1184.564680	0.30103	-1184.065285	0.24561	0.35285
969	-1071.661645	0.28525	-1070.407909	0.18458	0.36793
970	-1177.388498	0.32394	-1175.661905	0.21132	0.43134
971	-1116.979302	0.30833	-1113.980626	0.16890	0.45046
972	-1225.792965	0.30795	-1222.112945	0.14228	0.43977
973	-1356.905774	0.33170	-1356.875212	0.35167	0.32128
974	-1178.568961	0.25996	-1178.296957	0.21933	0.29064
975	-1256.266515	0.24576	-1254.533747	0.15341	0.31054
976	-1324.444550	0.42824	-1321.303378	0.22569	0.57859
977	-1229.815332	0.37734	-1229.469004	0.31867	0.43148
978	-1179.313211	0.28343	-1179.306028	0.27472	0.28827
979	-1274.072918	0.33041	-1274.057399	0.31586	0.33768
980	-1176.019129	0.41673	-1175.602137	0.33662	0.47755
981	-1284.435656	0.34953	-1284.157916	0.29323	0.38473
982	-1116.275997	0.22961	-1116.097797	0.27073	0.21097
983	-1171.600535	0.21057	-1167.888721	0.10321	0.30027
984	-1291.241560	0.20592	-1290.307808	0.14917	0.24554
985	-1218.640305	0.30417	-1217.992946	0.23329	0.35727
986	-1234.218505	0.28839	-1232.004698	0.18238	0.39138
987	-1189.656770	0.24874	-1189.521523	0.21793	0.26691
988	-1289.605935	0.21611	-1289.514016	0.19562	0.22904
989	-1265.168487	0.27438	-1262.987847	0.17020	0.36698
990	-1151.883556	0.37236	-1151.458531	0.30455	0.43952
991	-1283.028222	0.34963	-1281.665225	0.24262	0.44079
992	-1146.157013	0.33569	-1144.417689	0.21005	0.44594
993	-1284.516480	0.31340	-1283.819712	0.23392	0.36890
994	-1192.292875	0.21944	-1191.535076	0.15883	0.26283
995	-1111.868462	0.31951	-1111.468596	0.25334	0.35937
996	-1085.003303	0.31290	-1084.993285	0.30119	0.31908
997	-1089.556884	0.29592	-1089.234664	0.24127	0.33892
998	-1269.452464	0.28148	-1268.902444	0.22081	0.32320
999	-1371.144432	0.30464	-1369.347471	0.20226	0.39003
